(6, 76465366423784047145547890992507382461801860133309456506665013028559638771869)
(13, 76465366423784047145547890992507382461801860133309456506665013028559814308552)
(10, 76465366423784047145547890992507382461801860133309456506665013028559708511101)
(3, 76465366423784047145547890992507382461801860133309456506665013028559621615292)
(15, 76465366423784047145547890992507382461801860133309456506665013028559918175276)
(11, 76465366423784047145547890992507382461801860133309456506665013028559737808764)
(7, 76465366423784047145547890992507382461801860133309456506665013028559650137260)
(5, 76465366423784047145547890992507382461801860133309456506665013028559630579176)
(9, 76465366423784047145547890992507382461801860133309456506665013028559684482728)
(17, 76465366423784047145547890992507382461801860133309456506665013028560053602120)
